1 Cora GCN
# margin
res_random: [0.1028459966460863, 0.07063596284845992, 0.05507076339607385, 0.05095020068523798, 0.0433236867147156, 0.04130764053232996, 0.03665975420303028, 0.03272391961258117, 0.030736062246390288, 0.029283714356204808, 0.027482028341962075, 0.025946108044208778]
res_margin: [0.0941022454857619, 0.06387106581439693, 0.05122393866206944, 0.04503948463502093, 0.038869132756357394, 0.036156562006173766, 0.032603037999533596, 0.03036785127112936, 0.028802114387643626, 0.02810181165431712, 0.026092140261933586, 0.02353277376449578]
res_deepgini:[0.09347378363273202, 0.06638804731926382, 0.05503233357503502, 0.047301753167245816, 0.041300746611329264, 0.036244366316400434, 0.03331827155653258, 0.03359474761524784, 0.030315480077160964, 0.027624331669264555, 0.026688699390881455, 0.02678947983628699]
res_least:[0.09375483002394097, 0.0635880722900602, 0.05185928988133179, 0.04198663039477975, 0.041266995950590704, 0.035921605709573916, 0.03352437709073893, 0.03167249541567865, 0.030199849817530162, 0.027106865826913323, 0.02666460500068103, 0.024882038839192773]
res_variance:[0.09794998415074135, 0.06612001377570005, 0.05732449488755814, 0.04928330578480726, 0.045854490810386235, 0.03815766650637401, 0.03485321541970806, 0.03290385694184716, 0.03209455056486246, 0.02894706345143417, 0.02657670440771672, 0.026386295742346237]