
res_random:[0.10635091245866307, 0.07662482810381699, 0.06312234954802544, 0.054403532152564625, 0.047685826371457296, 0.04329799963463614, 0.0422032042684187, 0.038347459576634636, 0.034494639290059644, 0.033091903119259046, 0.031821440415280816, 0.03045309151101174]
res_gest:[0.10044908409985137, 0.07254245889988972, 0.056597709708643563, 0.04985615621556511, 0.04593205992205, 0.0421817319377746, 0.038268358228621874, 0.03593792704686897, 0.0336628252191516, 0.030514008314140317, 0.030575434016849975, 0.028198068096796862]